01 111111111111111111111 000000000000000000000
10 111111111111111111111 000000000000000000000
00 111111111111111111111 000000000000000000000
10 111111111111111111111 000000000000000000000
00 111111111111111111111 000000000000000000000
10 111111111111111111111 000000000000000000000
00 111111111111111111111 000000000000000000000
10 111111111111111111111 000000000000000000000
00 111111111111111111111 000000000000000000000
10 111111111111111111111 000000000000000000000
00 111111111111111111111 000000000000000000000
10 111111111111111111111 000000000000000000000
00 111111111111111111111 000000000000000000000
10 111111111111111111111 000000000000000000000
00 111111111111111111111 000000000000000000000
10 111111111111111111111 000000000000000000000
00 111111111111111111111 000000000000000000000
10 111111111111111111111 000000000000000000000
00 111111111111111111111 000000000000000000000
10 111111111111111111111 000000000000000000000
00 111111111111111111111 000000000000000000000
10 111111111111111111111 000000000000000000000
00 111111111111111111111 000000000000000000000
10 111111111111111111111 000000000000000000000
00 111111111111111111111 000000000000000000000
10 111111111111111111111 000000000000000000000
00 111111111111111111111 000000000000000000000
10 111111111111111111111 000000000000000000000
00 111111111111111111111 000000000000000000000
10 111111111111111111111 000000000000000000000
00 111111111111111111111 000000000000000000000
10 111111111111111111111 000000000000000000000
00 111111111111111111111 000000000000000000000
10 111111111111111111111 000000000000000000000
00 111111111111111111111 000000000000000000000
10 111111111111111111111 000000000000000000000
00 111111111111111111111 000000000000000000000
10 111111111111111111111 000000000000000000000
00 111111111111111111111 000000000000000000000
10 111111111111111111111 000000000000000000000
00 111111111111111111111 000000000000000000000
10 111111111111111111111 000000000000000000000
00 111111111111111111111 000000000000000000000
10 111111111111111111111 000000000000000000000
00 111111111111111111111 000000000000000000000
10 111111111111111111111 000000000000000000000
00 111111111111111111111 000000000000000000000
10 111111111111111111111 000000000000000000000
00 111111111111111111111 000000000000000000000
10 111111111111111111111 000000000000000000000
00 111111111111111111111 000000000000000000000
10 111111111111111111111 000000000000000000000
00 111111111111111111111 000000000000000000000
10 111111111111111111111 000000000000000000000
00 111111111111111111111 000000000000000000000
10 111111111111111111111 000000000000000000000
00 111111111111111111111 000000000000000000000
