0111000001000001001001001010001100 100101001110010000 111111111111111111
1100110011101010101000111101001100 011100001011110110 111111111111111111
1101111011100011011010011100010000 010010001010011110 111111111111111111
0110111101001101010110010111101100 110010001100100000 111111111111111111
0001110101001101010011111001001100 011011001110000000 111111111111111111
0001111001111011010001000100110100 011000101100100000 111111111111111111
1001011011000001111100110001110000 100010011101110110 111111111111111111
1101001011101010010111111110001000 001100101100110010 111111111111111111
1101110010111000010001111111100000 001001001011000010 111111111111111111
1100100001001000000010111111011000 110101000011111000 111111111111111111
0001010111101010010110100010011000 011100000001000000 111111111111111111
1110101100100100001100011111111100 000111010010001110 111111111111111111
0110111000111000010010000010010000 101101100101110000 111111111111111111
1001010001001111000101111100110100 101011000001110000 111111111111111111
1001001000101111011000000011100000 111100100110011100 111111111111111111
0001000010001101100100000100000100 101000001100111000 111111111111111111
1010111100100010000000000010111100 101011110101000100 111111111111111111
0111001010110001010010000101011000 101110110000011100 111111111111111111
1101100010000101010011101000001100 001001110000100010 111111111111111111
0011100110000101101010101110001100 111001000110100000 111111111111111111
1010101010001010000100111100111101 111111010111010100 111111111111111111
0111010000010100011110111011111101 100011111110101100 111111111111111111
1000111101101101011000101000100101 111111011111011000 111111111111111111
0101110111001110110010011011111001 101101100111000100 111111111111111111
0111010100010100110001110010000001 101110101111111100 111111111111111111
0001101110101001100011000001010101 111101111111111000 111111111111111111
0111011011101110101111100111111101 110010011001000100 111111111111111111
0111001011110100101110111101011001 110011010010101100 111111111111111111
1110000110100101000011100111010101 111111111101101000 111111111111111111
1000000110011110011100000111100101 111111111110011100 111111111111111111
0001011100010111101100111001000101 111011001110111000 111111111111111111
1010101111110011010011111100100101 111101000011111000 111111111111111111
0001011010000101100000001000001101 111111110111111000 111111111111111111
1111001011001100110000110111000101 001111011011111100 111111111111111111
0110001110001101010001000111100001 101111111111011100 111111111111111111
0110111110011001110011100101101101 101100011110011000 111111111111111111
1111010110111000000111111100000001 111010100111111100 111111111111111111
0010101100010011011000101000011001 110111011111110100 111111111111111111
1110011110101110011100001101000101 100111110111111100 111111111111111111
0111100101111010010101100001101101 101011111110010100 111111111111111111
0100100110000001010001001001110010 111100101110001000 111111111111111111
0011111001000110111110111101000110 001110100110100000 111111111111111111
1010001111101101101000110000001110 111111110001000100 111111111111111111
0100111011100101011000001001111010 110100011000010000 111111111111111111
0010001100100101001001010101100010 111110011000001000 111111111111111111
1100110110010000110101000110011010 111001100000100100 111111111111111111
1100111011001010111110001001010110 110010011010000000 111111111111111111
0101010100010001110100010010001110 011110111100110100 111111111111111111
0001000111000110100100010000100010 011111110011000100 111111111111111111
0000000000110010110100111010001010 001011000110111100 111111111111111111
0100011111100000001000111000110010 100110111001001100 111111111111111111
1000001101101011100011011001110010 111100010000100000 111111111111111111
1111000111000000101010110110011010 101001010101100100 111111111111111111
1011111000011111011011000100011110 001011011010011100 111111111111111111
1100110101010101011010000010010110 010110101000111100 111111111111111111
1111010010101000101011010001000010 101001100100011100 111111111111111111
1011011110110011110001000111011010 100011000011101000 111111111111111111
1001110010111011111101111000100110 100101001100110100 111111111111111111
0011100100101101100001101100110110 010000000001111100 111111111111111111
0011001100001011101000011111011010 011011010000001000 111111111111111111
0010101001101000001110110100101011 001010100110100000 111111111111111111
0110010111000011010111111111001111 011001011100001100 111111111111111111
1101010011011110100110111010011011 110101001101111000 111111111111111111
1111000000000100001111010010001011 111100000000010000 111111111111111111
1010001100001001000100000010001011 101000110000100100 111111111111111111
1100111010010100001101010101000011 110011101001010000 111111111111111111
0000111111001001010100111000000011 000011111100100100 111111111111111111
0001011110100110110111000001001011 000101111010011000 111111111111111111
1100100010011011011001000000000011 110010001001101100 111111111111111111
0000011110101000001101100110010111 000001111010100000 111111111111111111
1101110010011111010100100110100011 110111001001111100 111111111111111111
1100010010111001001010110101001111 110001001011100100 111111111111111111
1011110011101110000110100010100111 101111001110111000 111111111111111111
0011001110111111100001001100000111 001100111011111100 111111111111111111
1010010011011111111100001110011111 101001001101111100 111111111111111111
0100001101100100111111001100100111 010000110110010000 111111111111111111
0010101110010101001001100001011111 001010111001010100 111111111111111111
0011000101001100110101001111000111 001100010100110000 111111111111111111
0001001110011100100011011010001111 000100111001110000 111111111111111111
0011110100011001011001010101100111 001111010001100100 111111111111111111