1011010110110010100011011100001100 010000110111010110
1100111001010111011111110111111000 010011011101010110
0100101011010110101100011110000000 111111001011011000
1010011001110100110111000101111000 100000101101001010
1010011110100110110001001101010100 011011000111101110
0100010101100010101101100011111000 111110111010000000
0100101110111000000101111111101100 011000111011001100
1010010011110000111100010111110000 100101100110110010
0010100010100010110001100101000000 111011101111001000
0011100100100010010011101111101100 100010000001110100
0010100000100000100100000101111100 101110000111111100
0101111001111101001111110010000000 100111011001110100
1100101101000110001100001000001000 111110111100100000
1100010000000100011101101000011100 001110101000101110
0010100111010100011011011011010000 100101111000100000
1011101011000100100110110010110000 010101011111000010
0110010101001101000100001011110000 011101100000100100
0000100000110101011011010111000100 011101011010011000
0110110110100111110011010101011100 001110101111111010
1100001100010100111110010101000000 101111000110010010
0111100001101001100101001000100001 111011111111011100
1111000010011011000100100001010101 111011111110111000
0010010010111110110000000110011101 111111111101100100
0111111010110110001011111010111001 110100010101100100
1001010001011010110100101010011101 011011111111110100
1110111100001101101001001000000001 010110111111111100
0000100010111010001000010101010101 111111111110111100
0101001001110001001000011011010101 111111111100111000
1001100010100011011000111011110101 111111110101111000
0110000000111110100001101110100101 111111111101011100
0110100010100101010011101110001101 101101110101111000
0001110001011111010100010010011101 111011111111100000
1111000001101001010101001111010001 101011111001111100
0001001010100000100111011111000001 111011110101111100
1000110011000110010010101101100101 111101110011111100
1010101000101010000011101100010101 111101011111111100
0100100111010000100111000010100101 111101111111111100
0101111011100011101011011010001101 111100110101110000
1010000101101110100111111100011001 011111101011100100
1110101101011001000111011100111001 111101101011011100
1010101100110100010011100000110010 111001010011100000
0110110000010010011111111100000110 000100111101001100
1100001110100011001010000000001110 111010111010000000
0010110101001100011110001000010110 010101011100100100
0111011101110010001000101000001110 010101011111000100
1000000011011001101100110101000010 001100111000100100
0110001011100110110111001010100010 101111100100111000
1010000111101100000110110101011010 101110101011101000
0011011100111110001001001000001110 000100111011110100
1110011101100011110100111110000010 001101001000001100
0110011111011100111111110001001010 100110001100111000
0111110001000111011001011111000110 000110011011011000
0100100010010010110010010101100110 100000011100101100
1011000101111110100111101010010110 001011111101101100
1100000010010110000110011000100110 110110010001111100
0011111011100110101111100111100010 100000001001111000
0010100010001001001011101011000010 000001100011100100
1100001111011111011001101010011010 101001010111100100
1000011101110001001000011101000010 101001101010000100
0010010001101101101110001011111010 100111001101001100
0010100001001101000000101111110111 001010000100110100
0100011110001011101111011010100111 010001111000101100
0001110111110110111101010100111011 000111011111011000
1110100110110111101101010001001011 111010011011011100
1111101110111100110011011110111011 111110111011110000
1101010010100001001111000110001111 110101001010000100
0111000010011011101011001111111111 011100001001101100
1100001101000100011011110011011111 110000110100010000
1100100111111000111101010101010111 110010011111100000
1100101011100011110000000100011111 110010101110001100
0010101101000000001010001110100011 001010110100000000
1000001011010101010101111110111111 100000101101010100
1111001001001101110100010110001111 111100100100110100
0110011010010110000000111000000111 011001101001011000
0010101011111111100100111011010011 001010101111111100
0001110011101010110110010000111111 000111001110101000
1001001011101011001010101001010111 100100101110101100
0100101001101101100100100111011011 010010100110110100
1001111010010110010100001000111111 100111101001011000
1111001100010111010100000100100111 111100110001011100
