00 0000000010000000
10 0000000010000000
00 0000000010000000
10 0000000010000000
00 0000000010000000
10 0000000010000000
00 0000000010000000
10 0000000010000000
00 0000000010000000
10 0000000010000000
00 0000000010000000
10 0000000010000000
00 0000000010000000
10 0000000010000000
00 0000000010000000
00 0000000010000000
10 0000000010000000
00 0000000010000000
10 0000000010000000
00 0000000010000000
10 0000000010000000
00 0000000010000000
10 0000000010000000
00 0000000010000000
10 0000000010000000
00 0000000010000000
10 0000000010000000
00 0000000010000000
10 0000000010000000
00 0000000010000000
10 0000000010000000
00 0000000010000000
10 0000000010000000
00 0000000010000000
