00 1111111111111111 0000000000000000
10 1111111111111111 0000000000000000
00 1111111111111111 0000000000000000
10 1111111111111111 0000000000000000
00 1111111111111111 0000000000000000
10 1111111111111111 0000000000000000
00 1111111111111111 0000000000000000
10 1111111111111111 0000000000000000
00 1111111111111111 0000000000000000
10 1111111111111111 0000000000000000
00 1111111111111111 0000000000000000
10 1111111111111111 0000000000000000
00 1111111111111111 0000000000000000
10 1111111111111111 0000000000000000
00 1111111111111111 0000000000000000
00 1111111111111111 0000000000000000
10 1111111111111111 0000000000000000
00 1111111111111111 0000000000000000
10 1111111111111111 0000000000000000
00 1111111111111111 0000000000000000
10 1111111111111111 0000000000000000
00 1111111111111111 0000000000000000
10 1111111111111111 0000000000000000
00 1111111111111111 0000000000000000
10 1111111111111111 0000000000000000
00 1111111111111111 0000000000000000
10 1111111111111111 0000000000000000
00 1111111111111111 0000000000000000
10 1111111111111111 0000000000000000
00 1111111111111111 0000000000000000
10 1111111111111111 0000000000000000
00 1111111111111111 0000000000000000
10 1111111111111111 0000000000000000
00 1111111111111111 0000000000000000
