01 0000000000000000
10 0000000000000000
00 0000000000000000
10 0000000000000000
00 0000000000000000
10 0000000000000000
00 0000000000000000
10 0000000000000000
00 0000000000000000
10 0000000000000000
00 0000000000000000
10 0000000000000000
00 0000000000000001
10 0000000000000001
00 0000000000000001
10 0000000000000001
00 0000000000000001
10 0000000000000001
00 0000000000000001
10 0000000000000001
00 0000000000000010
10 0000000000000010
00 0000000000000010
10 0000000000000010
00 0000000000000010
10 0000000000000010
00 0000000010000000
10 0000000010000000
00 0000000010000000
10 0000000010000000
00 0000000010000000
10 0000000010000000
00 0000000000000011
10 0000000000000011
00 0000000000000011
10 0000000000000011
00 0000000000000011
10 0000000000000011
00 0000000010000000
10 0000000010000000
00 0000000010000000
10 0000000010000000
00 0000000010000000
10 0000000010000000
00 0000000000000100
10 0000000000000100
00 0000000000000100
10 0000000000000100
00 0000000000000100
10 0000000000000100
00 0000000010000000
10 0000000010000000
00 0000000010000000
10 0000000010000000
00 0000000010000000
10 0000000010000000
00 0000000000000101
10 0000000000000101
00 0000000000000101
10 0000000000000101
00 0000000000000101
10 0000000000000101
00 0000000010000000
10 0000000010000000
00 0000000010000000
10 0000000010000000
00 0000000010000000
10 0000000010000000
00 0000000000000110
10 0000000000000110
00 0000000000000110
10 0000000000000110
00 0000000000000110
10 0000000000000110
00 0000000010000000
10 0000000010000000
00 0000000010000000
10 0000000010000000
00 0000000010000000
10 0000000010000000
00 0000000000000111
10 0000000000000111
00 0000000000000111
10 0000000000000111
00 0000000000000111
10 0000000000000111
00 0000000010000000
10 0000000010000000
00 0000000010000000
10 0000000010000000
00 0000000010000000
10 0000000010000000
00 0000000000001000
10 0000000000001000
00 0000000000001000
10 0000000000001000
00 0000000000001000
10 0000000000001000
00 0000000010000000
10 0000000010000000
00 0000000010000000
10 0000000010000000
00 0000000010000000
10 0000000010000000
00 0000000000001001
