01 0000000000000000
10 0000000000000000
00 0000000000000000
10 0000000000000000
00 0000000000000000
10 0000000000000000
00 0000000000000000
10 0000000000000000
00 0000000000000000
10 0000000000000000
00 0000000000000000
10 0000000000000000
00 0000000010000000
10 0000000010000000
00 0000000100000000
10 0000000100000000
00 0000001000000000
10 0000001000000000
00 0000010000000000
10 0000010000000000
00 0000100000000000
10 0000100000000000
00 0001000000000000
10 0001000000000000
00 0000001000000000
10 0000001000000000
00 0000000100000000
10 0000000100000000
00 0000010000000000
10 0000010000000000
00 0000010010000000
10 0000010010000000
00 0000000000000000
